%YAML:1.0
---
model_type: PINHOLE
camera_name: camera
image_width: 640
image_height: 480
distortion_parameters:
   k1: 0.0
   k2: 0.0
   p1: 0.0
   p2: 0.0
projection_parameters:
   fx: 383.35833740234375
   fy: 383.35833740234375
   cx: 317.44305419921875
   cy: 240.8907928466797
